1537542 6 0.001728 0.000617
9225252 6 0.009181 0.002246
16912962 6 0.017169 0.005566
24600672 6 0.024762 0.007874
32288382 6 0.032086 0.010004
39976092 6 0.040108 0.012423
47663802 6 0.053701 0.015417
55351512 6 0.055257 0.019288
63039222 6 0.063330 0.019830
70726932 6 0.070486 0.023510
78414642 6 0.078363 0.027285
86102352 6 0.086358 0.027615
93790062 6 0.092428 0.029846
101477772 6 0.100600 0.033219
109165482 6 0.106174 0.034354
116853192 6 0.114400 0.035947
124540902 6 0.121476 0.037387
132228612 6 0.129933 0.041400
139916322 6 0.138431 0.046587
147604032 6 0.147533 0.046214
155291742 6 0.155898 0.048214
162979452 6 0.164309 0.050745
170667162 6 0.171965 0.053900
178354872 6 0.180229 0.057790
186042582 6 0.190712 0.063732
193730292 6 0.196801 0.066794
201418002 6 0.212177 0.070348
209105712 6 0.211223 0.071158
216793422 6 0.222212 0.073540
224481132 6 0.242014 0.079262
231400071 6 0.243113 0.081689
246775491 6 0.255781 0.085380
262150911 6 0.271255 0.089728
277526331 6 0.292203 0.107980
292901751 6 0.316592 0.114556
308277171 6 0.324949 0.113893
323652591 6 0.340507 0.144459
339028011 6 0.346038 0.125224
354403431 6 0.374279 0.154163
369778851 6 0.384902 0.175015
385154271 6 0.407785 0.169212
400529691 6 0.417172 0.157038
415905111 6 0.434060 0.183793
431280531 6 0.457184 0.207232
446655951 6 0.462422 0.165553
462031371 6 0.466545 0.179468
477406791 6 0.499664 0.217273
492782211 6 0.504009 0.183287
508157631 6 0.527365 0.198431
523533051 6 0.539238 0.225190
538908471 6 0.549370 0.200115
554283891 6 0.570707 0.258735
569659311 6 0.601785 0.288080
585034731 6 0.618989 0.263090
600410151 6 0.623163 0.288676
615785571 6 0.634667 0.230063
631160991 6 0.632293 0.241359
646536411 6 0.680359 0.301068
661911831 6 0.677206 0.308212
677287251 6 0.708964 0.305692
692662671 6 0.711476 0.270541
708038091 6 0.724572 0.355508
723413511 6 0.733161 0.251390
738788931 6 0.764393 0.297316
754164351 6 0.771297 0.334327
