11720 6 0.000052 0.000196
23440 6 0.000078 0.000175
35160 6 0.000026 0.000128
46880 6 0.000034 0.000118
58600 6 0.000040 0.000110
70320 6 0.000055 0.000132
82040 6 0.000057 0.000114
93760 6 0.000092 0.000104
105480 6 0.000075 0.000101
117200 6 0.000083 0.000103
128920 6 0.000090 0.000101
140640 6 0.000125 0.000102
152360 6 0.000105 0.000093
164080 6 0.000120 0.000114
175800 6 0.000123 0.000091
187520 6 0.000105 0.000081
199240 6 0.000110 0.000098
210960 6 0.000115 0.000098
222680 6 0.000118 0.000118
234400 6 0.000123 0.000114
246120 6 0.000136 0.000117
257840 6 0.000143 0.000114
269560 6 0.000143 0.000113
281280 6 0.000153 0.000115
293000 6 0.000157 0.000108
304720 6 0.000161 0.000117
316440 6 0.000174 0.000111
328160 6 0.000175 0.000140
339880 6 0.000194 0.000159
351600 6 0.000187 0.000143
363320 6 0.000190 0.000152
375040 6 0.000197 0.000115
386760 6 0.000200 0.000166
398480 6 0.000209 0.000209
410200 6 0.000217 0.000176
421920 6 0.000229 0.000161
433640 6 0.000244 0.000167
445360 6 0.000243 0.000185
457080 6 0.000247 0.000157
468800 6 0.000245 0.000150
480520 6 0.000265 0.000172
492240 6 0.000268 0.000166
503960 6 0.000267 0.000171
515680 6 0.000281 0.000195
527400 6 0.000279 0.000181
539120 6 0.000286 0.000172
550840 6 0.000295 0.000178
562560 6 0.000313 0.000171
574280 6 0.000307 0.000175
586000 6 0.000326 0.000186
597720 6 0.000329 0.000194
609440 6 0.000336 0.000169
621160 6 0.000336 0.000161
632880 6 0.000355 0.000195
644600 6 0.000344 0.000200
656320 6 0.000350 0.000170
668040 6 0.000353 0.000209
679760 6 0.000357 0.000226
691480 6 0.000365 0.000189
703200 6 0.000387 0.000190
714920 6 0.000409 0.000206
726640 6 0.000393 0.000235
738360 6 0.000393 0.000183
750080 6 0.000407 0.000207
761800 6 0.000402 0.000215
773520 6 0.000418 0.000219
785240 6 0.000417 0.000247
796960 6 0.000429 0.000255
808680 6 0.000425 0.000233
820400 6 0.000443 0.000239
832120 6 0.000449 0.000206
843840 6 0.000465 0.000262
855560 6 0.000473 0.000220
867280 6 0.000468 0.000215
879000 6 0.000487 0.000212
890720 6 0.000484 0.000237
902440 6 0.000481 0.000279
914160 6 0.000489 0.000249
925880 6 0.000520 0.000247
937600 6 0.000497 0.000251
949320 6 0.000500 0.000234
961040 6 0.000510 0.000286
972760 6 0.000519 0.000258
984480 6 0.000529 0.000300
996200 6 0.000540 0.000238
1007920 6 0.000542 0.000266
1019640 6 0.000557 0.000279
1031360 6 0.000543 0.000274
1043080 6 0.000591 0.000244
1054800 6 0.000580 0.000277
1066520 6 0.000573 0.000258
1078240 6 0.000570 0.000286
1089960 6 0.000593 0.000255
1101680 6 0.000587 0.000250
1113400 6 0.000591 0.000261
1125120 6 0.000588 0.000270
1136840 6 0.000605 0.000293
1148560 6 0.000621 0.000293
1160280 6 0.000620 0.000287
1172000 6 0.000629 0.000267
